53.966433356164444
53.33605917808226
53.15160225409838
51.56714698630138
54.33011164383559
52.44217465753425
51.90750881147544
53.87863363013696
53.87907808219168
53.896145410958866
52.07274016393437
51.599605342465836
51.883863356164355
52.37736047945201
50.110198155737606
50.75093575342463
52.2954163013698
51.118413150684944
51.87165922131151
52.34004047945208
50.90837020547937
52.0
52.0
50.5504623972602
52.076166027397164
50.35847308219179
50.84152909836066
52.150278972602734
53.21219986301373
50.51811068493141
52.170502868852395
53.2639786301371
52.08451979452053
53.766356780821866
52.97840409836071
52.38905308219175
53.131475205479475
51.962221712328684
52.85722151639331
52.63213013698625
52.86355773972598
52.22118520547945
53.28148729508185
53.46305349315068
52.89565227272728
53.187775619834696
52.929589549180264
52.50669047945205
52.46813164383559
51.713851446280984
52.34393934426238
53.02957611599495
51.97199917355371
54.28431901408443
52.402058196721256
53.41221130136985
52.27412534246569
52.79862067307681
52.28599795081961
52.24743972602739
52.48385369863007
51.43851273972602
52.289895696721345
51.95849267123289
53.33642575342452
54.40423280821919
53.279557377049116
53.10988383561642
53.10547807262568
53.070864903846086
52.41878299180331
52.85330145833329
52.36653376712319
51.903691506849356
