52.549864178081975
52.5980016438354
52.7622348360656
53.910130958904006
52.645177260273954
52.52239958904099
52.46989631147533
52.654159794520595
50.44165178082194
53.27246184931516
50.820097131147556
51.34939465753429
49.9220815753424
50.00208520547943
51.02812807377046
49.75328472602739
50.30955582191784
49.88106068493159
50.07160430327862
50.29968376712329
51.76012691780819
52.854220958904115
52.03150250512412
53.48089342465751
52.24396712328762
53.7672822602739
51.37386844262295
51.36665061643828
50.07893431506854
50.95761972602742
50.70892827868853
49.69409719178084
50.780196027397324
51.28697678082199
50.6877237704918
50.389235821917765
50.52605041095896
50.08805102739729
49.82131680327866
50.81303102739719
53.480021575342484
53.23220184931515
52.65786290983612
51.858656780821896
51.9023676027397
52.25997171232888
51.09220758196718
51.11027123287671
54.322704726027474
52.93698349126609
52.04341835616443
52.82102205479454
53.203493493150674
51.617591369862986
52.881134791618535
52.321508290638135
52.6411924157304
52.0031585616438
51.8791590163934
51.54443575342468
51.71044568493155
53.17173623287671
53.791256352459165
51.61162075342466
50.242823493150794
52.42543999999984
52.844597745901616
54.23682089041098
54.71710938356164
54.428284178082265
55.355182671232896
54.52627671232878
53.63894636986301
54.98941043956039
