52.3002894520548
52.08741499999984
52.241545696721325
53.20195589041088
51.98843575342461
52.33697020547947
52.49586782786875
52.97542506849318
50.84661643835611
52.89533328767125
50.360567622950626
51.407641095890305
51.16078198630126
49.6009046575342
50.794492418032725
50.41885432747206
49.93152868234756
50.84500874628909
51.41584818947848
50.8048517123287
51.88453053208501
52.538402215117586
52.16671074925986
53.33695691780828
52.24040739726031
53.08241719178082
51.48704200819658
53.00482383561639
52.50425390410963
53.44776171232882
52.16329405737709
50.790316712328774
53.30772828767111
52.15072527397257
51.857693852459036
51.983271849315
52.64134116438346
51.572943561643854
50.87726434426232
52.387437397260165
54.38152136986299
54.45120150684932
52.34019323770478
52.82558082191779
52.635791986301214
52.024274657534164
51.380016803278565
51.165021565934055
53.99945780821915
52.77373075342463
51.76770430327872
52.97418006849301
53.54490993150677
53.21853458904105
53.923498565573716
53.386102671232784
53.313684315068386
52.7657737671233
52.60881475409833
52.16673808219187
52.13969410958899
53.92052575342466
54.427818442623
52.9436499315066
51.59404321917803
53.70213643835616
53.404054303278706
54.41928397260269
54.393104041095896
54.39014390410962
54.82317704918037
54.093554657534185
53.26261712328764
54.11046438356165
