51.37305232876697
51.6790219178081
51.64299774590171
52.95235301369863
51.5687096575342
51.275613356164335
51.55513114754093
52.28319273972599
50.10605554794517
51.0
55.83851929347835
54.11486423669355
51.0
51.0
51.0
51.0
51.0
51.0
50.476975204917935
50.39707589041096
50.738805273972616
51.41914260273978
52.04236127049178
52.72058296703297
50.9138575342465
52.282690315934104
50.55696639344255
52.33210979452048
51.419012534246605
51.01898657534244
51.117344672131146
50.77904780821909
51.75264972602737
52.62652095890412
53.023036885245816
52.47150746575336
51.33244650684933
50.71295369863013
49.95227438524586
51.33492931506842
53.459785547945145
52.79559397260279
51.14334610655766
52.08468972602745
51.72354643835624
51.63098226027396
50.46352889344254
51.12217383561647
53.21753801369864
52.67701773972615
51.0933319672131
51.12560698630138
52.09044068493139
50.920660753424656
50.89422561475408
50.66734445205475
52.01321768802221
50.819763767123305
50.990866803278635
51.31115534246575
51.10723260273968
52.242065170940144
53.76076033237001
52.227775692520794
50.73835847457633
52.62680082191759
52.932725614753934
53.63913027397266
53.857739863013734
53.46198623287671
53.88908668032798
53.6569702054794
52.82938075342451
54.21373835616435
