51.64364328767121
52.15128273972611
52.16982172131148
50.28792602739733
52.03365089041088
50.59043123287667
50.60143975409835
53.168235890410955
53.1312734246574
52.242046095890444
51.05510409836063
51.39836780821918
51.660479246575385
51.71841828767118
50.338418032786876
51.13081886275402
52.52450945421333
52.22449725964841
52.4373678660898
52.37591696734411
51.368446608814764
50.90875069650607
51.70153167843318
50.65241513698632
51.62203630136984
50.202676506849315
51.936920081967195
53.21949191780827
53.45655191780813
51.07028595890411
52.355288524590165
53.45925335616439
51.37253595890404
52.96113417808218
52.298442008196616
52.399203150684954
53.6264505479452
52.36741054794524
53.127885860655795
52.1870045205479
53.15333061643828
52.42288773972605
53.73575942622948
54.06955835616436
53.485518356164285
53.25986636986306
53.06257438524593
53.47003527397268
52.65806965753423
51.669412671232834
52.83066926229513
53.26091801369864
51.8041147260274
53.70033191780825
52.865117008196776
53.42323506849309
51.94909630136989
52.57850226027381
52.15739467213106
52.16180308219177
52.44159752066118
51.56483287671227
52.71446065573765
52.20366520547944
53.517943424657524
54.598103914835086
53.597687704918044
53.66640705479455
53.70641760273967
53.10081130136986
52.1752358606558
53.25216177685938
53.36700869863016
53.044369459833696
